0 17.719562169740104
1 16.719562169740104
2 16.719562169740108
3 17.040168390109088
4 16.719562169740104
5 17.040168390109088
6 17.040168390109084
7 17.719562169740065
8 16.719562169740104
9 17.04016839010908
10 7.2727272727272725
11 13.82016187977042
12 7.2727272727272725
13 13.82016187977042
14 4.0
15 13.398955949371132
16 16.719562169740108
17 7.2727272727272725
18 17.04016839010908
19 13.820161879770419
20 7.2727272727272725
21 4.0
22 13.82016187977042
23 13.398955949371132
24 17.040168390109088
25 13.820161879770419
26 13.820161879770417
27 17.837577035679047
28 4.0
29 6.545454545454546
30 6.545454545454546
31 13.398955949371132
32 16.719562169740104
33 7.2727272727272725
34 7.2727272727272725
35 4.0
36 17.04016839010908
37 13.82016187977042
38 13.820161879770422
39 13.398955949371132
40 17.040168390109088
41 13.820161879770415
42 4.0
43 6.545454545454546
44 13.820161879770414
45 17.837577035679058
46 6.545454545454546
47 13.398955949371134
48 17.040168390109084
49 4.0
50 13.820161879770419
51 6.545454545454546
52 13.820161879770419
53 6.545454545454546
54 17.83757703567905
55 13.398955949371132
56 17.71956216974003
57 13.398955949371132
58 13.398955949371132
59 13.398955949371132
60 13.398955949371132
61 13.398955949371134
62 13.398955949371132
63 17.719562169740104
64 16.719562169740094
65 17.04016839010908
66 7.2727272727272725
67 13.820161879770422
68 7.2727272727272725
69 13.82016187977042
70 4.0
71 13.398955949371134
72 17.04016839010908
73 17.719562169740072
74 4.0
75 13.398955949371134
76 4.0
77 13.398955949371105
78 0.0
79 17.837577035679026
80 7.2727272727272725
81 4.0
82 4.0
83 6.545454545454546
84 0.0
85 0.0
86 0.0
87 6.545454545454548
88 13.820161879770422
89 13.398955949371114
90 6.545454545454546
91 13.398955949371135
92 0.0
93 6.545454545454545
94 0.0
95 13.820161879770424
96 7.2727272727272725
97 4.0
98 0.0
99 0.0
100 4.0
101 6.545454545454546
102 0.0
103 6.545454545454548
104 13.82016187977042
105 13.398955949371134
106 0.0
107 6.545454545454545
108 6.545454545454546
109 13.398955949371135
110 0.0
111 13.820161879770422
112 4.0
113 0.0
114 0.0
115 0.0
116 0.0
117 0.0
118 0.0
119 4.0
120 13.39895594937113
121 17.837577035679043
122 6.545454545454546
123 13.820161879770422
124 6.545454545454546
125 13.820161879770424
126 4.0
127 17.040168390109073
128 16.719562169740094
129 7.2727272727272725
130 17.040168390109084
131 13.820161879770419
132 7.2727272727272725
133 4.0
134 13.82016187977042
135 13.39895594937113
136 7.2727272727272725
137 4.0
138 4.0
139 6.545454545454546
140 0.0
141 0.0
142 0.0
143 6.545454545454548
144 17.040168390109084
145 4.0
146 17.719562169740122
147 13.398955949371121
148 4.0
149 0.0
150 13.398955949371128
151 17.837577035679058
152 13.820161879770419
153 6.545454545454546
154 13.398955949371121
155 13.39895594937114
156 0.0
157 0.0
158 6.545454545454544
159 13.820161879770426
160 7.2727272727272725
161 0.0
162 4.0
163 0.0
164 4.0
165 0.0
166 6.545454545454546
167 6.545454545454548
168 4.0
169 0.0
170 0.0
171 0.0
172 0.0
173 0.0
174 0.0
175 4.0
176 13.82016187977042
177 0.0
178 13.39895594937115
179 6.545454545454545
180 6.545454545454546
181 0.0
182 13.398955949371135
183 13.820161879770424
184 13.398955949371132
185 6.545454545454546
186 17.837577035679026
187 13.820161879770405
188 6.545454545454546
189 4.0
190 13.82016187977041
191 17.040168390109063
192 17.04016839010908
193 13.820161879770419
194 13.820161879770417
195 17.837577035679047
196 4.0
197 6.545454545454546
198 6.545454545454546
199 13.398955949371132
200 13.820161879770419
201 13.398955949371128
202 6.545454545454546
203 13.398955949371139
204 0.0
205 6.545454545454544
206 0.0
207 13.820161879770422
208 13.820161879770417
209 6.545454545454546
210 13.398955949371134
211 13.398955949371128
212 0.0
213 0.0
214 6.545454545454544
215 13.820161879770437
216 17.837577035679047
217 13.398955949371139
218 13.398955949371135
219 17.71956216974011
220 0.0
221 4.0
222 4.0
223 17.04016839010905
224 4.0
225 0.0
226 0.0
227 0.0
228 0.0
229 0.0
230 0.0
231 4.0
232 6.545454545454546
233 6.545454545454546
234 0.0
235 4.0
236 0.0
237 4.0
238 0.0
239 7.272727272727273
240 6.545454545454546
241 0.0
242 6.545454545454544
243 4.0
244 0.0
245 0.0
246 4.0
247 7.272727272727273
248 13.398955949371125
249 13.820161879770405
250 13.82016187977041
251 17.040168390109066
252 4.0
253 7.272727272727273
254 7.272727272727273
255 16.719562169740108
256 16.719562169740097
257 7.2727272727272725
258 7.2727272727272725
259 4.0
260 17.040168390109084
261 13.82016187977042
262 13.820161879770422
263 13.398955949371123
264 7.2727272727272725
265 4.0
266 0.0
267 0.0
268 4.0
269 6.545454545454546
270 0.0
271 6.545454545454548
272 7.2727272727272725
273 0.0
274 4.0
275 0.0
276 4.0
277 0.0
278 6.545454545454546
279 6.545454545454548
280 4.0
281 0.0
282 0.0
283 0.0
284 0.0
285 0.0
286 0.0
287 4.0
288 17.040168390109084
289 4.0
290 4.0
291 0.0
292 17.7195621697401
293 13.398955949371107
294 13.398955949371095
295 17.837577035679068
296 13.82016187977042
297 6.545454545454546
298 0.0
299 0.0
300 13.398955949371128
301 13.398955949371125
302 6.545454545454544
303 13.820161879770412
304 13.820161879770422
305 0.0
306 6.545454545454546
307 0.0
308 13.398955949371114
309 6.545454545454544
310 13.398955949371112
311 13.820161879770428
312 13.398955949371132
313 6.545454545454546
314 6.545454545454546
315 4.0
316 17.837577035679065
317 13.820161879770435
318 13.820161879770419
319 17.04016839010909
320 17.040168390109084
321 13.820161879770415
322 4.0
323 6.545454545454546
324 13.820161879770414
325 17.837577035679054
326 6.545454545454546
327 13.398955949371135
328 13.820161879770415
329 13.398955949371127
330 0.0
331 6.545454545454544
332 6.545454545454546
333 13.39895594937113
334 0.0
335 13.82016187977042
336 4.0
337 0.0
338 0.0
339 0.0
340 0.0
341 0.0
342 0.0
343 4.0
344 6.545454545454546
345 6.545454545454544
346 0.0
347 4.0
348 0.0
349 4.0
350 0.0
351 7.2727272727272725
352 13.820161879770414
353 6.545454545454546
354 0.0
355 0.0
356 13.398955949371128
357 13.39895594937113
358 6.545454545454542
359 13.820161879770437
360 17.837577035679054
361 13.398955949371143
362 0.0
363 4.0
364 13.39895594937114
365 17.719562169740108
366 4.0
367 17.040168390109073
368 6.545454545454546
369 0.0
370 0.0
371 0.0
372 6.545454545454546
373 4.0
374 4.0
375 7.2727272727272725
376 13.398955949371134
377 13.820161879770405
378 4.0
379 7.272727272727273
380 13.820161879770428
381 17.040168390109073
382 7.272727272727273
383 16.71956216974011
384 17.040168390109084
385 4.0
386 13.820161879770419
387 6.545454545454546
388 13.820161879770419
389 6.545454545454546
390 17.83757703567905
391 13.398955949371134
392 4.0
393 0.0
394 0.0
395 0.0
396 0.0
397 0.0
398 0.0
399 4.0
400 13.820161879770419
401 0.0
402 13.398955949371135
403 6.545454545454542
404 6.545454545454546
405 0.0
406 13.39895594937113
407 13.820161879770414
408 6.545454545454546
409 0.0
410 6.545454545454546
411 4.0
412 0.0
413 0.0
414 4.0
415 7.2727272727272725
416 13.820161879770419
417 0.0
418 6.545454545454546
419 0.0
420 13.398955949371135
421 6.545454545454542
422 13.398955949371128
423 13.820161879770414
424 6.545454545454546
425 0.0
426 0.0
427 0.0
428 6.545454545454546
429 4.0
430 4.0
431 7.2727272727272725
432 17.83757703567905
433 0.0
434 13.398955949371128
435 4.0
436 13.398955949371132
437 4.0
438 17.719562169740087
439 17.040168390109073
440 13.398955949371134
441 4.0
442 13.82016187977041
443 7.272727272727273
444 13.820161879770419
445 7.272727272727273
446 17.040168390109063
447 16.719562169740108
448 17.719562169740097
449 13.39895594937112
450 13.398955949371153
451 13.398955949371123
452 13.398955949371125
453 13.398955949371134
454 13.398955949371123
455 17.719562169740104
456 13.398955949371127
457 17.837577035679026
458 6.545454545454545
459 13.820161879770408
460 6.545454545454545
461 13.820161879770401
462 4.0
463 17.040168390109063
464 13.39895594937115
465 6.545454545454545
466 17.83757703567903
467 13.820161879770437
468 6.545454545454545
469 4.0
470 13.820161879770433
471 17.040168390109073
472 13.398955949371128
473 13.820161879770422
474 13.820161879770415
475 17.040168390109034
476 4.0
477 7.272727272727273
478 7.272727272727273
479 16.71956216974009
480 13.39895594937113
481 6.545454545454545
482 6.545454545454545
483 4.0
484 17.837577035679043
485 13.820161879770419
486 13.820161879770419
487 17.040168390109073
488 13.398955949371137
489 13.820161879770415
490 4.0
491 7.272727272727273
492 13.820161879770433
493 17.04016839010907
494 7.272727272727273
495 16.719562169740126
496 13.398955949371123
497 4.0
498 13.820161879770415
499 7.272727272727273
500 13.820161879770424
501 7.272727272727273
502 17.040168390109073
503 16.719562169740094
504 17.719562169740104
505 17.040168390109052
506 17.040168390109063
507 16.719562169740097
508 17.040168390109077
509 16.719562169740122
510 16.719562169740097
511 17.719562169740108
