0 17.719562169740104
0 0 0
0 0 0
0 0 0

1 16.719562169740104
1 0 0
0 0 0
0 0 0

2 16.719562169740108
0 1 0
0 0 0
0 0 0

3 17.040168390109088
1 1 0
0 0 0
0 0 0

4 16.719562169740104
0 0 1
0 0 0
0 0 0

5 17.040168390109088
1 0 1
0 0 0
0 0 0

6 17.040168390109084
0 1 1
0 0 0
0 0 0

7 17.719562169740065
1 1 1
0 0 0
0 0 0

8 16.719562169740104
0 0 0
1 0 0
0 0 0

9 17.04016839010908
1 0 0
1 0 0
0 0 0

10 7.2727272727272725
0 1 0
1 0 0
0 0 0

11 13.82016187977042
1 1 0
1 0 0
0 0 0

12 7.2727272727272725
0 0 1
1 0 0
0 0 0

13 13.82016187977042
1 0 1
1 0 0
0 0 0

14 4.0
0 1 1
1 0 0
0 0 0

15 13.398955949371132
1 1 1
1 0 0
0 0 0

16 16.719562169740108
0 0 0
0 1 0
0 0 0

17 7.2727272727272725
1 0 0
0 1 0
0 0 0

18 17.04016839010908
0 1 0
0 1 0
0 0 0

19 13.820161879770419
1 1 0
0 1 0
0 0 0

20 7.2727272727272725
0 0 1
0 1 0
0 0 0

21 4.0
1 0 1
0 1 0
0 0 0

22 13.82016187977042
0 1 1
0 1 0
0 0 0

23 13.398955949371132
1 1 1
0 1 0
0 0 0

24 17.040168390109088
0 0 0
1 1 0
0 0 0

25 13.820161879770419
1 0 0
1 1 0
0 0 0

26 13.820161879770417
0 1 0
1 1 0
0 0 0

27 17.837577035679047
1 1 0
1 1 0
0 0 0

28 4.0
0 0 1
1 1 0
0 0 0

29 6.545454545454546
1 0 1
1 1 0
0 0 0

30 6.545454545454546
0 1 1
1 1 0
0 0 0

31 13.398955949371132
1 1 1
1 1 0
0 0 0

32 16.719562169740104
0 0 0
0 0 1
0 0 0

33 7.2727272727272725
1 0 0
0 0 1
0 0 0

34 7.2727272727272725
0 1 0
0 0 1
0 0 0

35 4.0
1 1 0
0 0 1
0 0 0

36 17.04016839010908
0 0 1
0 0 1
0 0 0

37 13.82016187977042
1 0 1
0 0 1
0 0 0

38 13.820161879770422
0 1 1
0 0 1
0 0 0

39 13.398955949371132
1 1 1
0 0 1
0 0 0

40 17.040168390109088
0 0 0
1 0 1
0 0 0

41 13.820161879770415
1 0 0
1 0 1
0 0 0

42 4.0
0 1 0
1 0 1
0 0 0

43 6.545454545454546
1 1 0
1 0 1
0 0 0

44 13.820161879770414
0 0 1
1 0 1
0 0 0

45 17.837577035679058
1 0 1
1 0 1
0 0 0

46 6.545454545454546
0 1 1
1 0 1
0 0 0

47 13.398955949371134
1 1 1
1 0 1
0 0 0

48 17.040168390109084
0 0 0
0 1 1
0 0 0

49 4.0
1 0 0
0 1 1
0 0 0

50 13.820161879770419
0 1 0
0 1 1
0 0 0

51 6.545454545454546
1 1 0
0 1 1
0 0 0

52 13.820161879770419
0 0 1
0 1 1
0 0 0

53 6.545454545454546
1 0 1
0 1 1
0 0 0

54 17.83757703567905
0 1 1
0 1 1
0 0 0

55 13.398955949371132
1 1 1
0 1 1
0 0 0

56 17.71956216974003
0 0 0
1 1 1
0 0 0

57 13.398955949371132
1 0 0
1 1 1
0 0 0

58 13.398955949371132
0 1 0
1 1 1
0 0 0

59 13.398955949371132
1 1 0
1 1 1
0 0 0

60 13.398955949371132
0 0 1
1 1 1
0 0 0

61 13.398955949371134
1 0 1
1 1 1
0 0 0

62 13.398955949371132
0 1 1
1 1 1
0 0 0

63 17.719562169740104
1 1 1
1 1 1
0 0 0

64 16.719562169740094
0 0 0
0 0 0
1 0 0

65 17.04016839010908
1 0 0
0 0 0
1 0 0

66 7.2727272727272725
0 1 0
0 0 0
1 0 0

67 13.820161879770422
1 1 0
0 0 0
1 0 0

68 7.2727272727272725
0 0 1
0 0 0
1 0 0

69 13.82016187977042
1 0 1
0 0 0
1 0 0

70 4.0
0 1 1
0 0 0
1 0 0

71 13.398955949371134
1 1 1
0 0 0
1 0 0

72 17.04016839010908
0 0 0
1 0 0
1 0 0

73 17.719562169740072
1 0 0
1 0 0
1 0 0

74 4.0
0 1 0
1 0 0
1 0 0

75 13.398955949371134
1 1 0
1 0 0
1 0 0

76 4.0
0 0 1
1 0 0
1 0 0

77 13.398955949371105
1 0 1
1 0 0
1 0 0

78 0.0
0 1 1
1 0 0
1 0 0

79 17.837577035679026
1 1 1
1 0 0
1 0 0

80 7.2727272727272725
0 0 0
0 1 0
1 0 0

81 4.0
1 0 0
0 1 0
1 0 0

82 4.0
0 1 0
0 1 0
1 0 0

83 6.545454545454546
1 1 0
0 1 0
1 0 0

84 0.0
0 0 1
0 1 0
1 0 0

85 0.0
1 0 1
0 1 0
1 0 0

86 0.0
0 1 1
0 1 0
1 0 0

87 6.545454545454548
1 1 1
0 1 0
1 0 0

88 13.820161879770422
0 0 0
1 1 0
1 0 0

89 13.398955949371114
1 0 0
1 1 0
1 0 0

90 6.545454545454546
0 1 0
1 1 0
1 0 0

91 13.398955949371135
1 1 0
1 1 0
1 0 0

92 0.0
0 0 1
1 1 0
1 0 0

93 6.545454545454545
1 0 1
1 1 0
1 0 0

94 0.0
0 1 1
1 1 0
1 0 0

95 13.820161879770424
1 1 1
1 1 0
1 0 0

96 7.2727272727272725
0 0 0
0 0 1
1 0 0

97 4.0
1 0 0
0 0 1
1 0 0

98 0.0
0 1 0
0 0 1
1 0 0

99 0.0
1 1 0
0 0 1
1 0 0

100 4.0
0 0 1
0 0 1
1 0 0

101 6.545454545454546
1 0 1
0 0 1
1 0 0

102 0.0
0 1 1
0 0 1
1 0 0

103 6.545454545454548
1 1 1
0 0 1
1 0 0

104 13.82016187977042
0 0 0
1 0 1
1 0 0

105 13.398955949371134
1 0 0
1 0 1
1 0 0

106 0.0
0 1 0
1 0 1
1 0 0

107 6.545454545454545
1 1 0
1 0 1
1 0 0

108 6.545454545454546
0 0 1
1 0 1
1 0 0

109 13.398955949371135
1 0 1
1 0 1
1 0 0

110 0.0
0 1 1
1 0 1
1 0 0

111 13.820161879770422
1 1 1
1 0 1
1 0 0

112 4.0
0 0 0
0 1 1
1 0 0

113 0.0
1 0 0
0 1 1
1 0 0

114 0.0
0 1 0
0 1 1
1 0 0

115 0.0
1 1 0
0 1 1
1 0 0

116 0.0
0 0 1
0 1 1
1 0 0

117 0.0
1 0 1
0 1 1
1 0 0

118 0.0
0 1 1
0 1 1
1 0 0

119 4.0
1 1 1
0 1 1
1 0 0

120 13.39895594937113
0 0 0
1 1 1
1 0 0

121 17.837577035679043
1 0 0
1 1 1
1 0 0

122 6.545454545454546
0 1 0
1 1 1
1 0 0

123 13.820161879770422
1 1 0
1 1 1
1 0 0

124 6.545454545454546
0 0 1
1 1 1
1 0 0

125 13.820161879770424
1 0 1
1 1 1
1 0 0

126 4.0
0 1 1
1 1 1
1 0 0

127 17.040168390109073
1 1 1
1 1 1
1 0 0

128 16.719562169740094
0 0 0
0 0 0
0 1 0

129 7.2727272727272725
1 0 0
0 0 0
0 1 0

130 17.040168390109084
0 1 0
0 0 0
0 1 0

131 13.820161879770419
1 1 0
0 0 0
0 1 0

132 7.2727272727272725
0 0 1
0 0 0
0 1 0

133 4.0
1 0 1
0 0 0
0 1 0

134 13.82016187977042
0 1 1
0 0 0
0 1 0

135 13.39895594937113
1 1 1
0 0 0
0 1 0

136 7.2727272727272725
0 0 0
1 0 0
0 1 0

137 4.0
1 0 0
1 0 0
0 1 0

138 4.0
0 1 0
1 0 0
0 1 0

139 6.545454545454546
1 1 0
1 0 0
0 1 0

140 0.0
0 0 1
1 0 0
0 1 0

141 0.0
1 0 1
1 0 0
0 1 0

142 0.0
0 1 1
1 0 0
0 1 0

143 6.545454545454548
1 1 1
1 0 0
0 1 0

144 17.040168390109084
0 0 0
0 1 0
0 1 0

145 4.0
1 0 0
0 1 0
0 1 0

146 17.719562169740122
0 1 0
0 1 0
0 1 0

147 13.398955949371121
1 1 0
0 1 0
0 1 0

148 4.0
0 0 1
0 1 0
0 1 0

149 0.0
1 0 1
0 1 0
0 1 0

150 13.398955949371128
0 1 1
0 1 0
0 1 0

151 17.837577035679058
1 1 1
0 1 0
0 1 0

152 13.820161879770419
0 0 0
1 1 0
0 1 0

153 6.545454545454546
1 0 0
1 1 0
0 1 0

154 13.398955949371121
0 1 0
1 1 0
0 1 0

155 13.39895594937114
1 1 0
1 1 0
0 1 0

156 0.0
0 0 1
1 1 0
0 1 0

157 0.0
1 0 1
1 1 0
0 1 0

158 6.545454545454544
0 1 1
1 1 0
0 1 0

159 13.820161879770426
1 1 1
1 1 0
0 1 0

160 7.2727272727272725
0 0 0
0 0 1
0 1 0

161 0.0
1 0 0
0 0 1
0 1 0

162 4.0
0 1 0
0 0 1
0 1 0

163 0.0
1 1 0
0 0 1
0 1 0

164 4.0
0 0 1
0 0 1
0 1 0

165 0.0
1 0 1
0 0 1
0 1 0

166 6.545454545454546
0 1 1
0 0 1
0 1 0

167 6.545454545454548
1 1 1
0 0 1
0 1 0

168 4.0
0 0 0
1 0 1
0 1 0

169 0.0
1 0 0
1 0 1
0 1 0

170 0.0
0 1 0
1 0 1
0 1 0

171 0.0
1 1 0
1 0 1
0 1 0

172 0.0
0 0 1
1 0 1
0 1 0

173 0.0
1 0 1
1 0 1
0 1 0

174 0.0
0 1 1
1 0 1
0 1 0

175 4.0
1 1 1
1 0 1
0 1 0

176 13.82016187977042
0 0 0
0 1 1
0 1 0

177 0.0
1 0 0
0 1 1
0 1 0

178 13.39895594937115
0 1 0
0 1 1
0 1 0

179 6.545454545454545
1 1 0
0 1 1
0 1 0

180 6.545454545454546
0 0 1
0 1 1
0 1 0

181 0.0
1 0 1
0 1 1
0 1 0

182 13.398955949371135
0 1 1
0 1 1
0 1 0

183 13.820161879770424
1 1 1
0 1 1
0 1 0

184 13.398955949371132
0 0 0
1 1 1
0 1 0

185 6.545454545454546
1 0 0
1 1 1
0 1 0

186 17.837577035679026
0 1 0
1 1 1
0 1 0

187 13.820161879770405
1 1 0
1 1 1
0 1 0

188 6.545454545454546
0 0 1
1 1 1
0 1 0

189 4.0
1 0 1
1 1 1
0 1 0

190 13.82016187977041
0 1 1
1 1 1
0 1 0

191 17.040168390109063
1 1 1
1 1 1
0 1 0

192 17.04016839010908
0 0 0
0 0 0
1 1 0

193 13.820161879770419
1 0 0
0 0 0
1 1 0

194 13.820161879770417
0 1 0
0 0 0
1 1 0

195 17.837577035679047
1 1 0
0 0 0
1 1 0

196 4.0
0 0 1
0 0 0
1 1 0

197 6.545454545454546
1 0 1
0 0 0
1 1 0

198 6.545454545454546
0 1 1
0 0 0
1 1 0

199 13.398955949371132
1 1 1
0 0 0
1 1 0

200 13.820161879770419
0 0 0
1 0 0
1 1 0

201 13.398955949371128
1 0 0
1 0 0
1 1 0

202 6.545454545454546
0 1 0
1 0 0
1 1 0

203 13.398955949371139
1 1 0
1 0 0
1 1 0

204 0.0
0 0 1
1 0 0
1 1 0

205 6.545454545454544
1 0 1
1 0 0
1 1 0

206 0.0
0 1 1
1 0 0
1 1 0

207 13.820161879770422
1 1 1
1 0 0
1 1 0

208 13.820161879770417
0 0 0
0 1 0
1 1 0

209 6.545454545454546
1 0 0
0 1 0
1 1 0

210 13.398955949371134
0 1 0
0 1 0
1 1 0

211 13.398955949371128
1 1 0
0 1 0
1 1 0

212 0.0
0 0 1
0 1 0
1 1 0

213 0.0
1 0 1
0 1 0
1 1 0

214 6.545454545454544
0 1 1
0 1 0
1 1 0

215 13.820161879770437
1 1 1
0 1 0
1 1 0

216 17.837577035679047
0 0 0
1 1 0
1 1 0

217 13.398955949371139
1 0 0
1 1 0
1 1 0

218 13.398955949371135
0 1 0
1 1 0
1 1 0

219 17.71956216974011
1 1 0
1 1 0
1 1 0

220 0.0
0 0 1
1 1 0
1 1 0

221 4.0
1 0 1
1 1 0
1 1 0

222 4.0
0 1 1
1 1 0
1 1 0

223 17.04016839010905
1 1 1
1 1 0
1 1 0

224 4.0
0 0 0
0 0 1
1 1 0

225 0.0
1 0 0
0 0 1
1 1 0

226 0.0
0 1 0
0 0 1
1 1 0

227 0.0
1 1 0
0 0 1
1 1 0

228 0.0
0 0 1
0 0 1
1 1 0

229 0.0
1 0 1
0 0 1
1 1 0

230 0.0
0 1 1
0 0 1
1 1 0

231 4.0
1 1 1
0 0 1
1 1 0

232 6.545454545454546
0 0 0
1 0 1
1 1 0

233 6.545454545454546
1 0 0
1 0 1
1 1 0

234 0.0
0 1 0
1 0 1
1 1 0

235 4.0
1 1 0
1 0 1
1 1 0

236 0.0
0 0 1
1 0 1
1 1 0

237 4.0
1 0 1
1 0 1
1 1 0

238 0.0
0 1 1
1 0 1
1 1 0

239 7.272727272727273
1 1 1
1 0 1
1 1 0

240 6.545454545454546
0 0 0
0 1 1
1 1 0

241 0.0
1 0 0
0 1 1
1 1 0

242 6.545454545454544
0 1 0
0 1 1
1 1 0

243 4.0
1 1 0
0 1 1
1 1 0

244 0.0
0 0 1
0 1 1
1 1 0

245 0.0
1 0 1
0 1 1
1 1 0

246 4.0
0 1 1
0 1 1
1 1 0

247 7.272727272727273
1 1 1
0 1 1
1 1 0

248 13.398955949371125
0 0 0
1 1 1
1 1 0

249 13.820161879770405
1 0 0
1 1 1
1 1 0

250 13.82016187977041
0 1 0
1 1 1
1 1 0

251 17.040168390109066
1 1 0
1 1 1
1 1 0

252 4.0
0 0 1
1 1 1
1 1 0

253 7.272727272727273
1 0 1
1 1 1
1 1 0

254 7.272727272727273
0 1 1
1 1 1
1 1 0

255 16.719562169740108
1 1 1
1 1 1
1 1 0

256 16.719562169740097
0 0 0
0 0 0
0 0 1

257 7.2727272727272725
1 0 0
0 0 0
0 0 1

258 7.2727272727272725
0 1 0
0 0 0
0 0 1

259 4.0
1 1 0
0 0 0
0 0 1

260 17.040168390109084
0 0 1
0 0 0
0 0 1

261 13.82016187977042
1 0 1
0 0 0
0 0 1

262 13.820161879770422
0 1 1
0 0 0
0 0 1

263 13.398955949371123
1 1 1
0 0 0
0 0 1

264 7.2727272727272725
0 0 0
1 0 0
0 0 1

265 4.0
1 0 0
1 0 0
0 0 1

266 0.0
0 1 0
1 0 0
0 0 1

267 0.0
1 1 0
1 0 0
0 0 1

268 4.0
0 0 1
1 0 0
0 0 1

269 6.545454545454546
1 0 1
1 0 0
0 0 1

270 0.0
0 1 1
1 0 0
0 0 1

271 6.545454545454548
1 1 1
1 0 0
0 0 1

272 7.2727272727272725
0 0 0
0 1 0
0 0 1

273 0.0
1 0 0
0 1 0
0 0 1

274 4.0
0 1 0
0 1 0
0 0 1

275 0.0
1 1 0
0 1 0
0 0 1

276 4.0
0 0 1
0 1 0
0 0 1

277 0.0
1 0 1
0 1 0
0 0 1

278 6.545454545454546
0 1 1
0 1 0
0 0 1

279 6.545454545454548
1 1 1
0 1 0
0 0 1

280 4.0
0 0 0
1 1 0
0 0 1

281 0.0
1 0 0
1 1 0
0 0 1

282 0.0
0 1 0
1 1 0
0 0 1

283 0.0
1 1 0
1 1 0
0 0 1

284 0.0
0 0 1
1 1 0
0 0 1

285 0.0
1 0 1
1 1 0
0 0 1

286 0.0
0 1 1
1 1 0
0 0 1

287 4.0
1 1 1
1 1 0
0 0 1

288 17.040168390109084
0 0 0
0 0 1
0 0 1

289 4.0
1 0 0
0 0 1
0 0 1

290 4.0
0 1 0
0 0 1
0 0 1

291 0.0
1 1 0
0 0 1
0 0 1

292 17.7195621697401
0 0 1
0 0 1
0 0 1

293 13.398955949371107
1 0 1
0 0 1
0 0 1

294 13.398955949371095
0 1 1
0 0 1
0 0 1

295 17.837577035679068
1 1 1
0 0 1
0 0 1

296 13.82016187977042
0 0 0
1 0 1
0 0 1

297 6.545454545454546
1 0 0
1 0 1
0 0 1

298 0.0
0 1 0
1 0 1
0 0 1

299 0.0
1 1 0
1 0 1
0 0 1

300 13.398955949371128
0 0 1
1 0 1
0 0 1

301 13.398955949371125
1 0 1
1 0 1
0 0 1

302 6.545454545454544
0 1 1
1 0 1
0 0 1

303 13.820161879770412
1 1 1
1 0 1
0 0 1

304 13.820161879770422
0 0 0
0 1 1
0 0 1

305 0.0
1 0 0
0 1 1
0 0 1

306 6.545454545454546
0 1 0
0 1 1
0 0 1

307 0.0
1 1 0
0 1 1
0 0 1

308 13.398955949371114
0 0 1
0 1 1
0 0 1

309 6.545454545454544
1 0 1
0 1 1
0 0 1

310 13.398955949371112
0 1 1
0 1 1
0 0 1

311 13.820161879770428
1 1 1
0 1 1
0 0 1

312 13.398955949371132
0 0 0
1 1 1
0 0 1

313 6.545454545454546
1 0 0
1 1 1
0 0 1

314 6.545454545454546
0 1 0
1 1 1
0 0 1

315 4.0
1 1 0
1 1 1
0 0 1

316 17.837577035679065
0 0 1
1 1 1
0 0 1

317 13.820161879770435
1 0 1
1 1 1
0 0 1

318 13.820161879770419
0 1 1
1 1 1
0 0 1

319 17.04016839010909
1 1 1
1 1 1
0 0 1

320 17.040168390109084
0 0 0
0 0 0
1 0 1

321 13.820161879770415
1 0 0
0 0 0
1 0 1

322 4.0
0 1 0
0 0 0
1 0 1

323 6.545454545454546
1 1 0
0 0 0
1 0 1

324 13.820161879770414
0 0 1
0 0 0
1 0 1

325 17.837577035679054
1 0 1
0 0 0
1 0 1

326 6.545454545454546
0 1 1
0 0 0
1 0 1

327 13.398955949371135
1 1 1
0 0 0
1 0 1

328 13.820161879770415
0 0 0
1 0 0
1 0 1

329 13.398955949371127
1 0 0
1 0 0
1 0 1

330 0.0
0 1 0
1 0 0
1 0 1

331 6.545454545454544
1 1 0
1 0 0
1 0 1

332 6.545454545454546
0 0 1
1 0 0
1 0 1

333 13.39895594937113
1 0 1
1 0 0
1 0 1

334 0.0
0 1 1
1 0 0
1 0 1

335 13.82016187977042
1 1 1
1 0 0
1 0 1

336 4.0
0 0 0
0 1 0
1 0 1

337 0.0
1 0 0
0 1 0
1 0 1

338 0.0
0 1 0
0 1 0
1 0 1

339 0.0
1 1 0
0 1 0
1 0 1

340 0.0
0 0 1
0 1 0
1 0 1

341 0.0
1 0 1
0 1 0
1 0 1

342 0.0
0 1 1
0 1 0
1 0 1

343 4.0
1 1 1
0 1 0
1 0 1

344 6.545454545454546
0 0 0
1 1 0
1 0 1

345 6.545454545454544
1 0 0
1 1 0
1 0 1

346 0.0
0 1 0
1 1 0
1 0 1

347 4.0
1 1 0
1 1 0
1 0 1

348 0.0
0 0 1
1 1 0
1 0 1

349 4.0
1 0 1
1 1 0
1 0 1

350 0.0
0 1 1
1 1 0
1 0 1

351 7.2727272727272725
1 1 1
1 1 0
1 0 1

352 13.820161879770414
0 0 0
0 0 1
1 0 1

353 6.545454545454546
1 0 0
0 0 1
1 0 1

354 0.0
0 1 0
0 0 1
1 0 1

355 0.0
1 1 0
0 0 1
1 0 1

356 13.398955949371128
0 0 1
0 0 1
1 0 1

357 13.39895594937113
1 0 1
0 0 1
1 0 1

358 6.545454545454542
0 1 1
0 0 1
1 0 1

359 13.820161879770437
1 1 1
0 0 1
1 0 1

360 17.837577035679054
0 0 0
1 0 1
1 0 1

361 13.398955949371143
1 0 0
1 0 1
1 0 1

362 0.0
0 1 0
1 0 1
1 0 1

363 4.0
1 1 0
1 0 1
1 0 1

364 13.39895594937114
0 0 1
1 0 1
1 0 1

365 17.719562169740108
1 0 1
1 0 1
1 0 1

366 4.0
0 1 1
1 0 1
1 0 1

367 17.040168390109073
1 1 1
1 0 1
1 0 1

368 6.545454545454546
0 0 0
0 1 1
1 0 1

369 0.0
1 0 0
0 1 1
1 0 1

370 0.0
0 1 0
0 1 1
1 0 1

371 0.0
1 1 0
0 1 1
1 0 1

372 6.545454545454546
0 0 1
0 1 1
1 0 1

373 4.0
1 0 1
0 1 1
1 0 1

374 4.0
0 1 1
0 1 1
1 0 1

375 7.2727272727272725
1 1 1
0 1 1
1 0 1

376 13.398955949371134
0 0 0
1 1 1
1 0 1

377 13.820161879770405
1 0 0
1 1 1
1 0 1

378 4.0
0 1 0
1 1 1
1 0 1

379 7.272727272727273
1 1 0
1 1 1
1 0 1

380 13.820161879770428
0 0 1
1 1 1
1 0 1

381 17.040168390109073
1 0 1
1 1 1
1 0 1

382 7.272727272727273
0 1 1
1 1 1
1 0 1

383 16.71956216974011
1 1 1
1 1 1
1 0 1

384 17.040168390109084
0 0 0
0 0 0
0 1 1

385 4.0
1 0 0
0 0 0
0 1 1

386 13.820161879770419
0 1 0
0 0 0
0 1 1

387 6.545454545454546
1 1 0
0 0 0
0 1 1

388 13.820161879770419
0 0 1
0 0 0
0 1 1

389 6.545454545454546
1 0 1
0 0 0
0 1 1

390 17.83757703567905
0 1 1
0 0 0
0 1 1

391 13.398955949371134
1 1 1
0 0 0
0 1 1

392 4.0
0 0 0
1 0 0
0 1 1

393 0.0
1 0 0
1 0 0
0 1 1

394 0.0
0 1 0
1 0 0
0 1 1

395 0.0
1 1 0
1 0 0
0 1 1

396 0.0
0 0 1
1 0 0
0 1 1

397 0.0
1 0 1
1 0 0
0 1 1

398 0.0
0 1 1
1 0 0
0 1 1

399 4.0
1 1 1
1 0 0
0 1 1

400 13.820161879770419
0 0 0
0 1 0
0 1 1

401 0.0
1 0 0
0 1 0
0 1 1

402 13.398955949371135
0 1 0
0 1 0
0 1 1

403 6.545454545454542
1 1 0
0 1 0
0 1 1

404 6.545454545454546
0 0 1
0 1 0
0 1 1

405 0.0
1 0 1
0 1 0
0 1 1

406 13.39895594937113
0 1 1
0 1 0
0 1 1

407 13.820161879770414
1 1 1
0 1 0
0 1 1

408 6.545454545454546
0 0 0
1 1 0
0 1 1

409 0.0
1 0 0
1 1 0
0 1 1

410 6.545454545454546
0 1 0
1 1 0
0 1 1

411 4.0
1 1 0
1 1 0
0 1 1

412 0.0
0 0 1
1 1 0
0 1 1

413 0.0
1 0 1
1 1 0
0 1 1

414 4.0
0 1 1
1 1 0
0 1 1

415 7.2727272727272725
1 1 1
1 1 0
0 1 1

416 13.820161879770419
0 0 0
0 0 1
0 1 1

417 0.0
1 0 0
0 0 1
0 1 1

418 6.545454545454546
0 1 0
0 0 1
0 1 1

419 0.0
1 1 0
0 0 1
0 1 1

420 13.398955949371135
0 0 1
0 0 1
0 1 1

421 6.545454545454542
1 0 1
0 0 1
0 1 1

422 13.398955949371128
0 1 1
0 0 1
0 1 1

423 13.820161879770414
1 1 1
0 0 1
0 1 1

424 6.545454545454546
0 0 0
1 0 1
0 1 1

425 0.0
1 0 0
1 0 1
0 1 1

426 0.0
0 1 0
1 0 1
0 1 1

427 0.0
1 1 0
1 0 1
0 1 1

428 6.545454545454546
0 0 1
1 0 1
0 1 1

429 4.0
1 0 1
1 0 1
0 1 1

430 4.0
0 1 1
1 0 1
0 1 1

431 7.2727272727272725
1 1 1
1 0 1
0 1 1

432 17.83757703567905
0 0 0
0 1 1
0 1 1

433 0.0
1 0 0
0 1 1
0 1 1

434 13.398955949371128
0 1 0
0 1 1
0 1 1

435 4.0
1 1 0
0 1 1
0 1 1

436 13.398955949371132
0 0 1
0 1 1
0 1 1

437 4.0
1 0 1
0 1 1
0 1 1

438 17.719562169740087
0 1 1
0 1 1
0 1 1

439 17.040168390109073
1 1 1
0 1 1
0 1 1

440 13.398955949371134
0 0 0
1 1 1
0 1 1

441 4.0
1 0 0
1 1 1
0 1 1

442 13.82016187977041
0 1 0
1 1 1
0 1 1

443 7.272727272727273
1 1 0
1 1 1
0 1 1

444 13.820161879770419
0 0 1
1 1 1
0 1 1

445 7.272727272727273
1 0 1
1 1 1
0 1 1

446 17.040168390109063
0 1 1
1 1 1
0 1 1

447 16.719562169740108
1 1 1
1 1 1
0 1 1

448 17.719562169740097
0 0 0
0 0 0
1 1 1

449 13.39895594937112
1 0 0
0 0 0
1 1 1

450 13.398955949371153
0 1 0
0 0 0
1 1 1

451 13.398955949371123
1 1 0
0 0 0
1 1 1

452 13.398955949371125
0 0 1
0 0 0
1 1 1

453 13.398955949371134
1 0 1
0 0 0
1 1 1

454 13.398955949371123
0 1 1
0 0 0
1 1 1

455 17.719562169740104
1 1 1
0 0 0
1 1 1

456 13.398955949371127
0 0 0
1 0 0
1 1 1

457 17.837577035679026
1 0 0
1 0 0
1 1 1

458 6.545454545454545
0 1 0
1 0 0
1 1 1

459 13.820161879770408
1 1 0
1 0 0
1 1 1

460 6.545454545454545
0 0 1
1 0 0
1 1 1

461 13.820161879770401
1 0 1
1 0 0
1 1 1

462 4.0
0 1 1
1 0 0
1 1 1

463 17.040168390109063
1 1 1
1 0 0
1 1 1

464 13.39895594937115
0 0 0
0 1 0
1 1 1

465 6.545454545454545
1 0 0
0 1 0
1 1 1

466 17.83757703567903
0 1 0
0 1 0
1 1 1

467 13.820161879770437
1 1 0
0 1 0
1 1 1

468 6.545454545454545
0 0 1
0 1 0
1 1 1

469 4.0
1 0 1
0 1 0
1 1 1

470 13.820161879770433
0 1 1
0 1 0
1 1 1

471 17.040168390109073
1 1 1
0 1 0
1 1 1

472 13.398955949371128
0 0 0
1 1 0
1 1 1

473 13.820161879770422
1 0 0
1 1 0
1 1 1

474 13.820161879770415
0 1 0
1 1 0
1 1 1

475 17.040168390109034
1 1 0
1 1 0
1 1 1

476 4.0
0 0 1
1 1 0
1 1 1

477 7.272727272727273
1 0 1
1 1 0
1 1 1

478 7.272727272727273
0 1 1
1 1 0
1 1 1

479 16.71956216974009
1 1 1
1 1 0
1 1 1

480 13.39895594937113
0 0 0
0 0 1
1 1 1

481 6.545454545454545
1 0 0
0 0 1
1 1 1

482 6.545454545454545
0 1 0
0 0 1
1 1 1

483 4.0
1 1 0
0 0 1
1 1 1

484 17.837577035679043
0 0 1
0 0 1
1 1 1

485 13.820161879770419
1 0 1
0 0 1
1 1 1

486 13.820161879770419
0 1 1
0 0 1
1 1 1

487 17.040168390109073
1 1 1
0 0 1
1 1 1

488 13.398955949371137
0 0 0
1 0 1
1 1 1

489 13.820161879770415
1 0 0
1 0 1
1 1 1

490 4.0
0 1 0
1 0 1
1 1 1

491 7.272727272727273
1 1 0
1 0 1
1 1 1

492 13.820161879770433
0 0 1
1 0 1
1 1 1

493 17.04016839010907
1 0 1
1 0 1
1 1 1

494 7.272727272727273
0 1 1
1 0 1
1 1 1

495 16.719562169740126
1 1 1
1 0 1
1 1 1

496 13.398955949371123
0 0 0
0 1 1
1 1 1

497 4.0
1 0 0
0 1 1
1 1 1

498 13.820161879770415
0 1 0
0 1 1
1 1 1

499 7.272727272727273
1 1 0
0 1 1
1 1 1

500 13.820161879770424
0 0 1
0 1 1
1 1 1

501 7.272727272727273
1 0 1
0 1 1
1 1 1

502 17.040168390109073
0 1 1
0 1 1
1 1 1

503 16.719562169740094
1 1 1
0 1 1
1 1 1

504 17.719562169740104
0 0 0
1 1 1
1 1 1

505 17.040168390109052
1 0 0
1 1 1
1 1 1

506 17.040168390109063
0 1 0
1 1 1
1 1 1

507 16.719562169740097
1 1 0
1 1 1
1 1 1

508 17.040168390109077
0 0 1
1 1 1
1 1 1

509 16.719562169740122
1 0 1
1 1 1
1 1 1

510 16.719562169740097
0 1 1
1 1 1
1 1 1

511 17.719562169740108
1 1 1
1 1 1
1 1 1

