0 17.70672 8.547300558749528
1 16.69823 8.57183555996614
2 16.76075 8.53125368498089
3 17.03565 8.781579532037503
4 16.71474 8.539226354442187
5 17.04311 8.735656330688611
6 17.0151 8.716826945052883
7 17.71617 8.502221505647803
8 16.68269 8.533513014222219
9 17.06027 8.813925205440537
10 7.27994 3.3261138880681758
11 13.85073 8.225769779607257
12 7.27448 3.3185540118551633
13 13.811 8.212825275141315
14 3.99231 1.9887108547750225
15 13.43515 8.112999104985777
16 16.72689 8.531971690523827
17 7.28429 3.32268704453188
18 17.12834 8.796653275217798
19 13.80496 8.169631533820848
20 7.26583 3.31698423437616
21 3.99201 2.002255268416093
22 13.82243 8.186404515726059
23 13.3853 8.092164352631501
24 17.06338 8.802652042174563
25 13.79407 8.128446520405975
26 13.81176 8.140243589868795
27 17.90797 9.04824405501421
28 4.00776 2.0079342076870947
29 6.54236 3.872694879589664
30 6.55948 3.856838359278232
31 13.3912 8.071008769664422
32 16.76568 8.565084596056247
33 7.27057 3.3282610887819484
34 7.27877 3.3221254171238024
35 3.99213 1.986038283392342
36 17.04764 8.785347484897793
37 13.83406 8.161865222876447
38 13.81338 8.205318578556229
39 13.42821 8.10891522929547
40 17.01844 8.774410519596174
41 13.81303 8.211647351116582
42 4.00398 2.0041766787386783
43 6.5545 3.861702959835207
44 13.8183 8.163285191024507
45 17.85196 9.054321849724584
46 6.54032 3.8351159431756425
47 13.39652 8.076553218397066
48 17.04313 8.783595494050259
49 4.00254 2.004134114374584
50 13.79212 8.15456104922883
51 6.55503 3.8472810787749836
52 13.7698 8.161690263664752
53 6.54035 3.849411887223813
54 17.83466 9.050638799797504
55 13.37318 8.099371376076046
56 17.70699 8.554213882052517
57 13.36786 8.039386731610813
58 13.38688 8.087912206842999
59 13.3949 8.083274954497094
60 13.36325 8.063098625063443
61 13.39988 8.073111914596502
62 13.43291 8.12869847711797
63 17.75463 8.55707330593235
64 16.70738 8.525853243846036
65 17.05002 8.816258730300511
66 7.28131 3.332880838538936
67 13.8256 8.18443795504615
68 7.26625 3.306203402318133
69 13.82549 8.168621441828481
70 4.00788 2.0001944669456515
71 13.36881 8.095008905733211
72 17.05723 8.750168839919604
73 17.73053 8.558650356165977
74 3.99774 1.9922587413285453
75 13.45105 8.138831850916937
76 4.02582 2.0307962299551376
77 13.40257 8.11378255779017
78 0.0 0.0
79 17.86566 9.02850778171011
80 7.25055 3.3074574369899308
81 4.00299 2.01494939388065
82 3.99837 2.0069995872196884
83 6.53726 3.8466494111629146
84 0.0 0.0
85 0.0 0.0
86 0.0 0.0
87 6.54847 3.84729393978417
88 13.82249 8.192364750174397
89 13.38491 8.045537539027459
90 6.55783 3.8577086062972663
91 13.44307 8.179806781037069
92 0.0 0.0
93 6.54833 3.854784586860854
94 0.0 0.0
95 13.7957 8.158048878868035
96 7.27674 3.3353343119393593
97 4.00515 2.0139174455523245
98 0.0 0.0
99 0.0 0.0
100 3.98994 1.9967320291916992
101 6.54891 3.855156003574953
102 0.0 0.0
103 6.55101 3.860064504629424
104 13.81778 8.188991138815576
105 13.42278 8.097261084564336
106 0.0 0.0
107 6.53987 3.8391054144292522
108 6.52965 3.8497299746215963
109 13.407 8.116642840485222
110 0.0 0.0
111 13.7647 8.15942117493637
112 3.99147 2.0031518262727865
113 0.0 0.0
114 0.0 0.0
115 0.0 0.0
116 0.0 0.0
117 0.0 0.0
118 0.0 0.0
119 4.0017 2.0037457698021472
120 13.36742 8.056792323474646
121 17.82969 9.012367308532204
122 6.53399 3.841966251790872
123 13.83823 8.168089156412288
124 6.54609 3.8456645344985567
125 13.79914 8.176879310617224
126 4.0029 2.018229815952584
127 17.04624 8.743960307686672
128 16.71851 8.58139693639095
129 7.2666 3.304794160004523
130 17.09374 8.784406229928122
131 13.86612 8.25790749194976
132 7.2722 3.3118011957241635
133 4.00221 2.008269184123483
134 13.83417 8.194530518040676
135 13.37481 8.06474348407313
136 7.26114 3.3046763684814886
137 4.00248 2.0009282469893814
138 3.99789 2.0065207569073387
139 6.55435 3.83160098098693
140 0.0 0.0
141 0.0 0.0
142 0.0 0.0
143 6.53735 3.8428589588352056
144 17.02503 8.759078918419448
145 3.99567 2.0014273034761967
146 17.75172 8.582499463536248
147 13.40356 8.125829147010169
148 4.0041 1.99642259804882
149 0.0 0.0
150 13.37985 8.098280309886785
151 17.84012 9.04432188644345
152 13.81482 8.173599474380918
153 6.54785 3.86585183077417
154 13.41002 8.073589263741376
155 13.44705 8.13366561259436
156 0.0 0.0
157 0.0 0.0
158 6.5651 3.866525829475344
159 13.8193 8.153995800219668
160 7.28285 3.332651478552775
161 0.0 0.0
162 4.00413 2.0040790760596248
163 0.0 0.0
164 4.00899 2.016018149695087
165 0.0 0.0
166 6.54998 3.848963756597352
167 6.55621 3.8590439795239444
168 3.99573 1.9933769756621549
169 0.0 0.0
170 0.0 0.0
171 0.0 0.0
172 0.0 0.0
173 0.0 0.0
174 0.0 0.0
175 4.00314 1.992302723082012
176 13.832 8.196087847259815
177 0.0 0.0
178 13.38506 8.066304531593138
179 6.53614 3.857850943258436
180 6.53746 3.8364276023926216
181 0.0 0.0
182 13.35247 8.048649259291897
183 13.84916 8.222537764850946
184 13.44827 8.13417137802616
185 6.56529 3.870048735597525
186 17.82858 9.012914910482623
187 13.81479 8.178400042544997
188 6.54339 3.845503518123472
189 3.99195 2.000306275923765
190 13.83671 8.249693714065996
191 17.03904 8.796062521287578
192 17.04772 8.794522317988624
193 13.7796 8.147483282584874
194 13.75805 8.150463189138396
195 17.81764 8.971282228890137
196 3.98715 1.9839871162636113
197 6.53784 3.868191843019164
198 6.53763 3.8483871924612783
199 13.4349 8.131768687684126
200 13.83702 8.194040365997717
201 13.41996 8.112944816674151
202 6.55486 3.8588016767385183
203 13.38558 8.082548364445461
204 0.0 0.0
205 6.55029 3.8523487531504723
206 0.0 0.0
207 13.80595 8.152918164528575
208 13.79816 8.192615004649005
209 6.54537 3.8468222681974793
210 13.38153 8.141616845510478
211 13.35496 8.087988835204955
212 0.0 0.0
213 0.0 0.0
214 6.54147 3.8678573188653176
215 13.80143 8.17512690758376
216 17.83775 8.993831493723906
217 13.38979 8.07816896059373
218 13.35085 8.067452775039964
219 17.7595 8.608692104495317
220 0.0 0.0
221 3.99693 1.9879840479993796
222 4.00134 2.0031620514576445
223 17.07051 8.752182490093542
224 4.01187 2.0164942606166774
225 0.0 0.0
226 0.0 0.0
227 0.0 0.0
228 0.0 0.0
229 0.0 0.0
230 0.0 0.0
231 4.00665 2.00164576723755
232 6.55734 3.8554289157498416
233 6.53603 3.847404558803246
234 0.0 0.0
235 4.00173 2.0016860410913595
236 0.0 0.0
237 4.002 1.9968915844381736
238 0.0 0.0
239 7.2685 3.3301993558944787
240 6.52927 3.8478179877821668
241 0.0 0.0
242 6.53777 3.840223096006272
243 4.00335 2.00253808390752
244 0.0 0.0
245 0.0 0.0
246 3.99471 1.991085637510351
247 7.28253 3.328288869539421
248 13.40192 8.097334148570132
249 13.79793 8.229936677465995
250 13.8445 8.20006949665672
251 17.05396 8.790309910259136
252 3.98502 1.9839343738138113
253 7.27188 3.3139193209249984
254 7.25875 3.2907777861016383
255 16.75886 8.542934595348369
256 16.72014 8.50790093856293
257 7.26373 3.3014870114995154
258 7.2627 3.3109316981780226
259 4.00377 2.01612395132343
260 16.99041 8.692290724078434
261 13.79694 8.184660447226873
262 13.86437 8.243454039606213
263 13.40604 8.088827573783483
264 7.25271 3.2860626372453705
265 4.00887 2.0023264776504357
266 0.0 0.0
267 0.0 0.0
268 4.00752 2.0132022873024957
269 6.55253 3.8532714151873595
270 0.0 0.0
271 6.54306 3.849447471573031
272 7.26782 3.336422102732207
273 0.0 0.0
274 4.00302 2.0028157378051534
275 0.0 0.0
276 4.00896 2.0122573688273575
277 0.0 0.0
278 6.53536 3.842765888055113
279 6.55317 3.848068730038485
280 3.99609 2.0057553968268413
281 0.0 0.0
282 0.0 0.0
283 0.0 0.0
284 0.0 0.0
285 0.0 0.0
286 0.0 0.0
287 4.00605 1.9949670166446365
288 17.11376 8.811081583006708
289 3.99165 1.993965966986398
290 4.01049 2.015936496990915
291 0.0 0.0
292 17.73872 8.586612414776855
293 13.39111 8.083130765235708
294 13.39863 8.111612917484413
295 17.86393 9.092091891039157
296 13.77034 8.115067238439863
297 6.52946 3.841777207022812
298 0.0 0.0
299 0.0 0.0
300 13.40066 8.103445659989335
301 13.36065 8.016423240916113
302 6.54482 3.8504274006400903
303 13.83426 8.161892565600212
304 13.80601 8.169931326510646
305 0.0 0.0
306 6.5325 3.822661867076396
307 0.0 0.0
308 13.41844 8.09569811482617
309 6.55255 3.8769212653212346
310 13.39585 8.164063496660226
311 13.81809 8.171333964041613
312 13.36586 8.081579453324704
313 6.56025 3.862969057279646
314 6.55733 3.8771011427482773
315 3.99429 1.9786453436379146
316 17.89087 9.016534846774563
317 13.8333 8.214508573858817
318 13.85191 8.236522285036324
319 17.07588 8.817309239535607
320 16.99786 8.719474492215687
321 13.8594 8.232137732083933
322 4.00197 1.9948549117918328
323 6.56504 3.8738004334761493
324 13.85313 8.208401744743005
325 17.88598 9.05234773081547
326 6.56355 3.880938210987132
327 13.37646 8.068951472675987
328 13.79164 8.17192793105764
329 13.41439 8.100446341276509
330 0.0 0.0
331 6.53023 3.8314522243008593
332 6.55762 3.870095597733989
333 13.37911 8.109355437265036
334 0.0 0.0
335 13.85773 8.209067501677643
336 3.99213 1.9902030205735295
337 0.0 0.0
338 0.0 0.0
339 0.0 0.0
340 0.0 0.0
341 0.0 0.0
342 0.0 0.0
343 4.00608 2.0078354099875817
344 6.53975 3.855170545838407
345 6.53955 3.851072032239854
346 0.0 0.0
347 4.0017 2.003655936032931
348 0.0 0.0
349 4.00713 2.0209599607859627
350 0.0 0.0
351 7.25195 3.306607203388392
352 13.82794 8.166372227396938
353 6.54853 3.8423931135556653
354 0.0 0.0
355 0.0 0.0
356 13.38344 8.096942247935328
357 13.341 8.07667375842308
358 6.55997 3.8742152236420733
359 13.82317 8.169976814599904
360 17.82915 8.99692059971077
361 13.38786 8.135919408425822
362 0.0 0.0
363 4.00128 2.0007644443062254
364 13.37701 8.04494583324835
365 17.66446 8.474344394016565
366 3.99801 1.9860830898781652
367 17.05271 8.767766628731628
368 6.52902 3.8481421283003563
369 0.0 0.0
370 0.0 0.0
371 0.0 0.0
372 6.55078 3.846765055419943
373 4.00551 2.006843202619477
374 3.99834 2.006767860117358
375 7.26782 3.306193044515096
376 13.43156 8.152193322437833
377 13.79512 8.153111319343065
378 4.0032 2.0027705210532734
379 7.28067 3.332676754667335
380 13.77564 8.126933160202562
381 16.93622 8.68159386930764
382 7.27877 3.3277495829914843
383 16.75601 8.544767924285598
384 17.035 8.773712726092644
385 3.99969 2.0075532132175224
386 13.79842 8.124785874323088
387 6.52811 3.8527613250628434
388 13.84865 8.19184980193729
389 6.54225 3.836529022111002
390 17.79944 8.975192236737884
391 13.39686 8.081501230613036
392 4.002 1.9968915844381738
393 0.0 0.0
394 0.0 0.0
395 0.0 0.0
396 0.0 0.0
397 0.0 0.0
398 0.0 0.0
399 4.005 2.004473746398291
400 13.85772 8.212079907161158
401 0.0 0.0
402 13.43938 8.136230405759168
403 6.55108 3.859926273078283
404 6.56819 3.8665423990821566
405 0.0 0.0
406 13.40985 8.123640377164662
407 13.79439 8.15357556706872
408 6.54419 3.837596545222022
409 0.0 0.0
410 6.53203 3.834612637425063
411 3.99537 1.9966693674967821
412 0.0 0.0
413 0.0 0.0
414 4.002 2.009023643464656
415 7.27062 3.3204615365337387
416 13.85998 8.216007205425273
417 0.0 0.0
418 6.54607 3.8468425435803844
419 0.0 0.0
420 13.42687 8.146063589433854
421 6.55377 3.85544923285212
422 13.40179 8.114391831548437
423 13.81751 8.211341388585668
424 6.54712 3.853512645055158
425 0.0 0.0
426 0.0 0.0
427 0.0 0.0
428 6.5687 3.872368824117868
429 3.99234 1.992696997639129
430 3.99801 2.006281645208369
431 7.25466 3.2981189008888077
432 17.81638 8.997916630842942
433 0.0 0.0
434 13.42852 8.130081832896888
435 4.00923 2.009324465361431
436 13.42111 8.102447554159175
437 3.98814 1.988365997597022
438 17.74396 8.557310530674927
439 17.04021 8.759948239339089
440 13.41333 8.118682670920203
441 4.0077 2.0121731312190807
442 13.85287 8.169222898360651
443 7.27301 3.322817409954992
444 13.84957 8.19585387956008
445 7.27698 3.3514000178432894
446 17.04799 8.752562308255795
447 16.72558 8.48323485844875
448 17.71907 8.559201384188832
449 13.37885 8.047364952423868
450 13.35096 8.028256789515392
451 13.35256 8.034406104149827
452 13.33594 8.054082462726589
453 13.38606 8.051980978392832
454 13.4288 8.151418929241705
455 17.72633 8.50660535884321
456 13.35919 8.075627068153903
457 17.84912 9.022202348961144
458 6.54789 3.834948050221802
459 13.80199 8.127684912685776
460 6.55984 3.879592655730754
461 13.78231 8.164333473340001
462 3.98919 1.9860999833593473
463 17.05363 8.772728983794039
464 13.43554 8.128746822751955
465 6.5257 3.8245809587456767
466 17.85007 9.025850153592181
467 13.77543 8.170396460092986
468 6.54397 3.848327771786077
469 3.99138 1.9933553861767854
470 13.83614 8.2069781223298
471 17.03892 8.743843847736532
472 13.41405 8.086488273502905
473 13.85385 8.20775183454641
474 13.84956 8.218439499467037
475 17.03618 8.75029548115948
476 3.99789 1.9949600366674012
477 7.27255 3.3142821994362524
478 7.27466 3.3179996811934744
479 16.71975 8.563787125886536
480 13.37639 8.082380872484295
481 6.51514 3.8255784896404883
482 6.53662 3.8505894322298237
483 4.00872 2.026150034326185
484 17.86355 9.008619838660081
485 13.759 8.121936899533264
486 13.7881 8.175235677948372
487 17.05936 8.82840168945659
488 13.37819 8.02900630986799
489 13.8038 8.15611951604438
490 3.99864 1.9974028513046636
491 7.26468 3.3255652899319244
492 13.84945 8.222531526087327
493 17.04992 8.777850989484842
494 7.27281 3.3221686748116808
495 16.74722 8.55128073867301
496 13.40465 8.093716598541118
497 3.99261 2.00146331165475
498 13.80818 8.169078594774321
499 7.27976 3.3284702706198237
500 13.80803 8.13909439182886
501 7.26106 3.319151650105792
502 17.00102 8.703185563895556
503 16.73589 8.54520192317888
504 17.74129 8.573244376308189
505 17.01747 8.755661299930463
506 17.05141 8.714491781618706
507 16.73042 8.549951264399112
508 17.0391 8.754669107967475
509 16.69928 8.557935935820039
510 16.71896 8.539061805514702
511 17.72365 8.501155255463813
