0 17.6972 8.564584762847526
1 16.7331 8.646598428862069
2 16.9533 8.73129538556565
3 17.1159 8.866468698980446
4 16.9336 8.74136093751997
5 17.0214 8.771701205581502
6 16.9169 8.789117952900622
7 17.6867 8.590270258263123
8 16.7487 8.490509308045072
9 17.0863 8.774864802947109
10 7.2283 3.2609169124649586
11 13.8232 8.283232567059795
12 7.2757 3.370947865215361
13 13.8821 8.260762651837904
14 3.999 2.0077846000007074
15 13.4655 8.063548210930472
16 16.7289 8.549725421906835
17 7.2378 3.279184526677326
18 16.9134 8.772565214348651
19 13.8684 8.213396461878606
20 7.2694 3.3234355176533814
21 3.9978 1.9921835156430745
22 13.8481 8.126378430149558
23 13.5044 8.19425290310227
24 17.0527 8.881155482818663
25 13.8427 8.138523005435324
26 13.773 8.087810024969677
27 17.9818 9.113894269740022
28 4.0005 2.015316290312764
29 6.5315 3.8088591139605046
30 6.5596 3.8643301929312406
31 13.2996 7.993950202496886
32 16.6768 8.455456330677842
33 7.2415 3.29253363688209
34 7.2634 3.327524671583969
35 3.9675 1.9892822197968794
36 17.0316 8.765386553940449
37 13.7225 8.065314237523545
38 13.7703 8.231399511018767
39 13.3744 8.080273797341276
40 17.0666 8.71290792101007
41 13.8139 8.177717700556801
42 4.002 1.9787359601523395
43 6.5669 3.85221032525484
44 13.799 8.28713454699512
45 17.7606 8.876378069911173
46 6.53 3.8762739841244453
47 13.4255 8.205208696309924
48 17.0219 8.61654341310946
49 3.999 2.0238574554548054
50 13.7446 8.2293724450896
51 6.6225 3.8802569180403506
52 13.8713 8.374361844940783
53 6.5053 3.8286775667324093
54 17.961 9.079288463310327
55 13.375 8.073473539933106
56 17.6889 8.563242189147754
57 13.4987 8.10255504825484
58 13.3791 8.388979865871654
59 13.536 8.18279316615054
60 13.4224 8.082176578125475
61 13.4173 8.072964802970468
62 13.5732 8.259651430901911
63 17.7675 8.63281204185519
64 16.7879 8.421503048150015
65 17.1353 8.876519245177132
66 7.3616 3.357535620064216
67 13.7087 8.146020151583226
68 7.225 3.2835004187604424
69 13.8368 8.34140070731529
70 4.0023 1.9887922742207143
71 13.378 7.952755245825185
72 16.94 8.70752548086998
73 17.786 8.48643647239523
74 3.9957 2.0051637115208325
75 13.4114 8.069792440949147
76 3.9969 1.9637439726196488
77 13.4643 8.233111532707424
78 0.0 0.0
79 17.9347 9.060995304600924
80 7.2551 3.2926014016275946
81 4.029 2.0574642159707177
82 3.9843 1.9737409936463293
83 6.5492 3.8736519409983137
84 0.0 0.0
85 0.0 0.0
86 0.0 0.0
87 6.5579 3.902723099324368
88 13.8184 8.030306434999849
89 13.3686 7.984054987285597
90 6.5832 3.865550123850421
91 13.3597 8.138213311900838
92 0.0 0.0
93 6.6289 3.8747367381539615
94 0.0 0.0
95 13.7993 8.06684693731076
96 7.2381 3.3795278353639877
97 3.9714 1.9694115974066977
98 0.0 0.0
99 0.0 0.0
100 3.9906 1.987639715843895
101 6.5922 3.8706199968480504
102 0.0 0.0
103 6.5739 3.9037595712338637
104 13.8921 8.3129090930913
105 13.4631 8.357513888112901
106 0.0 0.0
107 6.6075 3.919469830219388
108 6.5805 3.8414215793114925
109 13.2954 8.07088215996244
110 0.0 0.0
111 13.7431 8.095474191793832
112 3.9987 1.9896980449304364
113 0.0 0.0
114 0.0 0.0
115 0.0 0.0
116 0.0 0.0
117 0.0 0.0
118 0.0 0.0
119 4.0272 2.0539864069657328
120 13.437 8.237015903833136
121 17.8148 9.019916904273565
122 6.569 3.8387548762587067
123 13.8062 8.170657351767971
124 6.5714 3.8521035863538247
125 13.8094 8.267930311752755
126 4.0191 2.0019328635096634
127 17.085 8.755613913370096
128 16.8656 8.583294043664122
129 7.2296 3.279921316129398
130 17.0384 8.709461834120408
131 13.9068 8.319345753122658
132 7.2967 3.2984343422296587
133 4.0149 1.9964162867498352
134 13.8573 8.163267526548422
135 13.531 8.220233512498291
136 7.2263 3.28047074518277
137 3.9921 1.9666310253832566
138 3.9882 2.030926084327049
139 6.5109 3.8117031875527774
140 0.0 0.0
141 0.0 0.0
142 0.0 0.0
143 6.5533 3.8045971021909795
144 17.0089 8.707882681226247
145 4.0128 2.0272237567668747
146 17.7158 8.539018114514104
147 13.4397 8.171276761314598
148 3.9951 1.9946618736016386
149 0.0 0.0
150 13.522 8.1294474596986
151 17.8438 9.087761086208198
152 13.9267 8.296404468804543
153 6.6201 3.8646055413198384
154 13.2638 8.06972177711227
155 13.4517 8.184550513620158
156 0.0 0.0
157 0.0 0.0
158 6.5109 3.8790825191016496
159 13.7676 8.221483457381641
160 7.2672 3.368145507545658
161 0.0 0.0
162 4.0293 2.0355445241998513
163 0.0 0.0
164 3.9753 1.9516377507109253
165 0.0 0.0
166 6.5747 3.866059998241103
167 6.5992 3.8747592647802005
168 3.9762 1.976166379635075
169 0.0 0.0
170 0.0 0.0
171 0.0 0.0
172 0.0 0.0
173 0.0 0.0
174 0.0 0.0
175 3.9663 1.9445730405412904
176 13.7707 8.067993648361407
177 0.0 0.0
178 13.3851 7.99549860796686
179 6.5272 3.8282450496278315
180 6.5468 3.8340330932322426
181 0.0 0.0
182 13.4208 8.142599545599673
183 13.8161 8.135704074633
184 13.3814 8.0659366498876
185 6.5195 3.8266982831156153
186 17.7156 9.033787502482001
187 13.7514 8.117647321730601
188 6.5213 3.871581887291033
189 4.0149 2.0418809931041526
190 13.9687 8.379410498955162
191 16.9841 8.73154323072388
192 17.092 8.8205859215814
193 13.7316 7.9999100894947555
194 13.6975 8.122240685303533
195 17.7956 8.948956399491507
196 4.0119 2.0051330105506717
197 6.5973 3.88743266308241
198 6.5679 3.910318348932731
199 13.363 7.965226362131838
200 13.7472 8.039334061973044
201 13.3559 8.084839837003576
202 6.5667 3.9074737503916768
203 13.4466 8.329462674146514
204 0.0 0.0
205 6.5985 3.8993714557605306
206 0.0 0.0
207 13.7403 8.046965633703179
208 13.7876 8.214784613122854
209 6.5312 3.7924433496098526
210 13.4304 8.145093973675197
211 13.3623 8.005475545525076
212 0.0 0.0
213 0.0 0.0
214 6.5205 3.8219340326593816
215 13.8896 8.265108096086825
216 17.9148 9.094500588817397
217 13.4699 8.01606474462376
218 13.5222 8.266747072458429
219 17.6482 8.500060985663573
220 0.0 0.0
221 4.0164 2.013834908824455
222 4.0047 1.9734938332814724
223 16.9997 8.746902303672998
224 3.9894 2.018337840897802
225 0.0 0.0
226 0.0 0.0
227 0.0 0.0
228 0.0 0.0
229 0.0 0.0
230 0.0 0.0
231 4.0215 2.040793411886661
232 6.4716 3.8562667750040323
233 6.5626 3.8849042768130078
234 0.0 0.0
235 3.9684 1.9483843152725286
236 0.0 0.0
237 3.9912 2.0241350152596045
238 0.0 0.0
239 7.2981 3.359410125304738
240 6.4966 3.77115213694701
241 0.0 0.0
242 6.5181 3.772541900363732
243 3.9906 1.9712715794633675
244 0.0 0.0
245 0.0 0.0
246 3.9648 1.99081916808132
247 7.3751 3.4177185358071838
248 13.4609 8.074928556340296
249 13.8506 8.181557286971717
250 13.8929 8.223601983924077
251 17.085 8.678673573766904
252 4.0041 2.022444854625213
253 7.2197 3.297913265991087
254 7.2737 3.3277302039077625
255 16.7503 8.58182672337306
256 16.6715 8.49312591158285
257 7.2861 3.377106274608485
258 7.2961 3.3425775667888398
259 3.9954 2.0064343597536403
260 17.0724 8.690072395555747
261 13.953 8.445270333150976
262 13.7551 8.283629880070693
263 13.3608 8.044278921071795
264 7.3011 3.3355417535986565
265 4.0443 2.0687526459197576
266 0.0 0.0
267 0.0 0.0
268 3.9873 1.9876968355360434
269 6.5491 3.8549694149240668
270 0.0 0.0
271 6.4985 3.830352170492943
272 7.3066 3.394966338566555
273 0.0 0.0
274 3.9909 1.9704357868248332
275 0.0 0.0
276 4.0047 2.006957376229002
277 0.0 0.0
278 6.5773 3.845208019080372
279 6.5481 3.8361551571853814
280 4.0017 1.9886420266101188
281 0.0 0.0
282 0.0 0.0
283 0.0 0.0
284 0.0 0.0
285 0.0 0.0
286 0.0 0.0
287 3.9831 1.9467959292129209
288 17.1002 8.89246647224492
289 4.0194 2.0473455106551994
290 3.9855 1.9344481771295916
291 0.0 0.0
292 17.7899 8.611373757421052
293 13.5491 8.267731804431008
294 13.4841 8.132536331920074
295 17.8755 8.948184159369989
296 13.8976 8.204542293144694
297 6.518 3.8071348807206715
298 0.0 0.0
299 0.0 0.0
300 13.4621 8.156259166431632
301 13.4418 8.19926903815212
302 6.5651 3.817061957841397
303 13.8844 8.140727033871116
304 13.83 8.154489560971921
305 0.0 0.0
306 6.5601 3.8742209526561595
307 0.0 0.0
308 13.4511 8.07520951988244
309 6.5434 3.787230708578499
310 13.3167 7.9374807785594035
311 13.7473 8.080324418610925
312 13.4172 8.102860245616975
313 6.4842 3.8113711915792194
314 6.5828 3.882775316703247
315 3.9663 1.9250361840755097
316 17.9184 8.875085432828238
317 13.8968 8.352457707764824
318 13.9821 8.222966593024685
319 16.9967 8.77796611465321
320 17.0763 8.76607542233125
321 13.8678 8.244059871204236
322 3.9957 1.9884872415984973
323 6.6277 3.8605560104731027
324 13.8032 8.109726860998464
325 17.7707 8.889056277805873
326 6.5539 3.832296281604542
327 13.3094 8.055946352850173
328 13.752 8.155862676627164
329 13.3796 8.061147799166072
330 0.0 0.0
331 6.4972 3.768871470347589
332 6.6104 3.886104970275507
333 13.4317 8.12143676389837
334 0.0 0.0
335 13.8152 8.0258861791082
336 3.9783 1.962556778796476
337 0.0 0.0
338 0.0 0.0
339 0.0 0.0
340 0.0 0.0
341 0.0 0.0
342 0.0 0.0
343 3.9735 1.9795448340464534
344 6.5722 3.926039627920228
345 6.5529 3.8229571786772607
346 0.0 0.0
347 4.0122 2.055298314114036
348 0.0 0.0
349 3.9939 2.0056078355451246
350 0.0 0.0
351 7.2615 3.34543237115922
352 13.9049 8.17492850060476
353 6.5535 3.9180528008182844
354 0.0 0.0
355 0.0 0.0
356 13.2503 8.008935629033362
357 13.3452 8.054640709553716
358 6.5265 3.8658113960719813
359 13.7381 8.108742713269425
360 17.7745 8.972761545366065
361 13.3815 8.237582032975451
362 0.0 0.0
363 3.9969 2.005465130586917
364 13.3784 7.946408839217876
365 17.6575 8.50075254021666
366 3.9945 1.9804721028078127
367 17.1539 9.106141597295752
368 6.5627 3.845499799765955
369 0.0 0.0
370 0.0 0.0
371 0.0 0.0
372 6.5585 3.8627940341157205
373 4.0149 2.0308318468056386
374 3.9909 2.003051968871502
375 7.2637 3.300782075508773
376 13.2635 7.893431937376796
377 13.6941 8.31006168388659
378 4.0224 2.0099000572167762
379 7.2893 3.3204827224366036
380 13.7807 8.227211405452032
381 16.9268 8.693367688071177
382 7.2584 3.301731279192781
383 16.8908 8.684991385142531
384 17.1892 8.922824853150487
385 3.9975 1.9975219022578952
386 13.9556 8.214878492101997
387 6.5284 3.8521673691572644
388 13.6503 7.999838117737133
389 6.6 3.8876213807416997
390 17.8113 9.039042665570285
391 13.3025 8.049397104752629
392 4.0227 2.0264709990522936
393 0.0 0.0
394 0.0 0.0
395 0.0 0.0
396 0.0 0.0
397 0.0 0.0
398 0.0 0.0
399 4.014 1.9925872628319192
400 13.9056 8.295124389664087
401 0.0 0.0
402 13.3557 7.946205227025035
403 6.5237 3.8180411613810556
404 6.5022 3.8526348334613805
405 0.0 0.0
406 13.5131 8.19197341243244
407 13.9128 8.362607019345104
408 6.5138 3.8618142834683287
409 0.0 0.0
410 6.4881 3.79669045222283
411 4.0011 1.9844139663890699
412 0.0 0.0
413 0.0 0.0
414 4.0374 2.054994218969971
415 7.2504 3.2942829022413966
416 13.8045 8.280379203273242
417 0.0 0.0
418 6.5514 3.8664399697913323
419 0.0 0.0
420 13.3427 7.976945324496088
421 6.5667 3.8354596999577506
422 13.5027 8.23209528066822
423 13.8985 8.202450716096989
424 6.5653 3.8491214465121772
425 0.0 0.0
426 0.0 0.0
427 0.0 0.0
428 6.5444 3.891070372018476
429 4.0137 1.986180331691964
430 4.0059 2.031321045526777
431 7.2255 3.304277492887061
432 17.725 8.907635769383479
433 0.0 0.0
434 13.305 8.14701018779282
435 4.0131 2.0330588751927476
436 13.5965 8.206161572257763
437 4.0158 1.995733038259376
438 17.7737 8.574059033503326
439 17.1759 8.95667121144904
440 13.4114 8.0351197900218
441 4.0314 1.98045803792961
442 13.8766 8.189857901087175
443 7.2886 3.3217630920943177
444 13.77 8.02926522167502
445 7.2876 3.3357287419692865
446 17.0548 8.778188706105604
447 16.7314 8.625094436584448
448 17.765 8.607588222028282
449 13.3345 7.989869194799124
450 13.3969 8.187513077241464
451 13.3894 8.067946928432288
452 13.2898 8.01176734310227
453 13.4169 8.214419905872843
454 13.4974 8.072533260383633
455 17.5785 8.325997702978304
456 13.4165 8.057792982572833
457 17.7179 8.963499293802615
458 6.539 3.8436803977438085
459 13.7414 8.056421416485113
460 6.531 3.792444989713101
461 13.7762 8.171310394300292
462 4.029 2.011009448013609
463 17.0255 8.879473506351601
464 13.3173 8.11159791348166
465 6.6057 3.870817421424059
466 17.9139 8.941224009608527
467 13.8523 8.233522011265896
468 6.5672 3.827203177256206
469 4.0227 2.016676649837549
470 14.001 8.322391423142749
471 17.1999 8.710507447330494
472 13.2381 8.025721674092617
473 13.7704 8.07676196504515
474 13.8912 8.151966790903899
475 17.2416 8.87346772350021
476 3.9768 1.9962619467394553
477 7.2761 3.2874106512573085
478 7.2358 3.294965608318242
479 16.7262 8.534285767420727
480 13.3102 8.03672669437004
481 6.5991 3.888107404637891
482 6.5536 3.829742424759138
483 3.9903 1.995696848221192
484 17.92 9.143412929535668
485 13.848 8.215600769268185
486 13.7599 8.234358019299378
487 17.1024 8.760246243114402
488 13.5181 8.17058580457974
489 13.7829 8.125759508501345
490 4.0329 2.046953245680028
491 7.3427 3.4053570605738246
492 13.8593 8.103067537050398
493 17.0242 8.668507043314898
494 7.2349 3.2777007169660872
495 16.7348 8.581647217172236
496 13.4258 8.093249925709696
497 3.999 1.9911300811348314
498 13.8093 8.158329088116021
499 7.2709 3.3257049162545975
500 13.937 8.277380684733547
501 7.2477 3.2706795486565174
502 17.053 8.725788846860782
503 16.5575 8.541024162827313
504 17.6341 8.546473962401102
505 16.9742 8.791640026752688
506 17.0476 8.727687794599438
507 16.6684 8.572329988981991
508 16.8083 8.65134389040223
509 16.7738 8.525739472913772
510 16.6543 8.588794531830413
511 17.7098 8.681058919279375
