0 17.898 9.145577947839055
1 16.369 8.451085078260661
2 16.41 8.147631557698224
3 17.17 8.769441259282145
4 17.054 9.25381456481596
5 16.995 9.411959147807645
6 16.669 8.034266550220996
7 17.97 8.644483790256073
8 16.662 8.444155138319049
9 17.6 8.667064093451716
10 7.188 3.1341116763765773
11 14.052 8.368948321025766
12 7.223 3.3107810256795904
13 14.24 8.653923965462143
14 3.888 1.9635315123521702
15 13.281 8.286256030319121
16 16.607 8.259088993345452
17 7.276 3.36716854345012
18 16.857 8.348565804975127
19 13.336 7.531341447577583
20 7.361 3.468526920754688
21 4.074 2.04316519155941
22 13.946 8.642053228255424
23 12.946 7.732210809335193
24 17.197 9.125798102084003
25 13.921 8.305706411859259
26 13.864 7.9309207536073645
27 17.92 8.87308289153212
28 3.945 1.8968328866824298
29 6.631 4.010092143579746
30 6.539 3.7486636285481794
31 13.164 7.959717582929686
32 16.795 8.851156704069814
33 7.491 3.658950532598111
34 7.313 3.378613768988696
35 4.104 2.324905159355968
36 16.948 8.49631072878105
37 13.664 8.164992590321194
38 14.0 8.215716645551987
39 13.571 8.347751733251295
40 17.138 8.94421354843454
41 14.054 8.670702624355192
42 4.014 1.9758046462137902
43 6.567 3.966549003857131
44 13.895 7.9909933675357285
45 17.765 8.960344580427696
46 6.547 3.875795531242586
47 13.644 8.399241870549984
48 17.352 9.26013477223739
49 3.888 1.8792168581619313
50 13.689 8.148513913591852
51 6.407 3.7980720109023736
52 13.712 7.9450019509122844
53 6.614 3.9312852860101617
54 17.855 9.006218684886571
55 13.306 8.09434148031821
56 17.748 8.66813105576975
57 13.331 7.942760162563137
58 13.782 8.169729248879671
59 13.006 7.929184321227499
60 13.188 7.667245659296434
61 13.87 8.561606157725313
62 13.763 8.123597171204393
63 17.814 8.17174424465181
64 16.7 8.492467250452014
65 17.439 9.645324203986096
66 7.366 3.3781716948669147
67 14.086 8.673211861819127
68 7.143 3.1557171926520917
69 13.562 7.722444949625734
70 4.143 2.09536416882603
71 13.561 8.145322522773423
72 17.485 9.384762916557882
73 17.542 8.336680154593912
74 3.978 1.9482084077428679
75 13.594 8.145254078296144
76 3.96 1.9890701345100932
77 13.284 7.760756664140423
78 0.0 0.0
79 17.722 9.050011933693789
80 7.35 3.451014343638693
81 4.014 2.002948826106149
82 3.924 1.9189121918420342
83 6.522 3.7155774786700384
84 0.0 0.0
85 0.0 0.0
86 0.0 0.0
87 6.61 3.9017816443260895
88 13.796 8.376895845120673
89 13.695 8.516453193671648
90 6.684 3.8753250186274695
91 14.044 9.446378353633737
92 0.0 0.0
93 6.609 3.734182507591186
94 0.0 0.0
95 14.251 8.79431628951336
96 7.457 3.640350395222965
97 4.032 2.0906879250619874
98 0.0 0.0
99 0.0 0.0
100 3.9 1.887855926706273
101 6.459 3.8155365284583502
102 0.0 0.0
103 6.693 3.854186165716441
104 14.214 9.141674026128914
105 13.585 7.7080980144261275
106 0.0 0.0
107 6.585 3.997095820717837
108 6.666 3.989792475806229
109 13.754 8.693071033875198
110 0.0 0.0
111 14.111 8.602480979345435
112 4.098 2.0611637489534886
113 0.0 0.0
114 0.0 0.0
115 0.0 0.0
116 0.0 0.0
117 0.0 0.0
118 0.0 0.0
119 3.993 2.103081310838932
120 13.327 8.089380136944982
121 17.813 9.245541141544933
122 6.168 3.6877874125280057
123 13.786 8.116415711383937
124 6.555 3.83809523071015
125 14.121 8.532429841492984
126 4.182 2.2304430053242785
127 17.194 8.923920887143721
128 16.762 9.186803361343923
129 7.399 3.343321551989877
130 16.685 7.896947194960847
131 13.732 7.897985565952878
132 7.166 3.2249719378624055
133 4.008 2.0149282865650577
134 13.804 8.42493821935805
135 13.494 8.058285425572862
136 7.18 3.258158989368076
137 4.02 1.995394697797907
138 3.954 1.8707976908260284
139 6.472 3.6738557402271526
140 0.0 0.0
141 0.0 0.0
142 0.0 0.0
143 6.571 4.003868004817342
144 16.765 8.829596536648772
145 3.942 1.9288950204715651
146 17.664 7.847108002315247
147 13.859 8.270134158524877
148 3.882 1.8579763184712554
149 0.0 0.0
150 13.448 7.985567982304077
151 17.447 8.236576412563657
152 13.741 8.353676974841678
153 6.562 3.787367951493491
154 13.749 8.691950241459049
155 12.732 7.842332306144646
156 0.0 0.0
157 0.0 0.0
158 6.49 3.8994743235467006
159 13.86 8.377851753283775
160 7.312 3.5962002168956055
161 0.0 0.0
162 3.996 1.9939869608400151
163 0.0 0.0
164 3.942 1.9886266617945159
165 0.0 0.0
166 6.485 3.733868637217973
167 6.595 3.7678873390800844
168 4.044 2.03667965080422
169 0.0 0.0
170 0.0 0.0
171 0.0 0.0
172 0.0 0.0
173 0.0 0.0
174 0.0 0.0
175 4.062 2.0139900694889237
176 14.157 8.5059009516923
177 0.0 0.0
178 13.353 8.210504917482238
179 6.578 3.981446470819368
180 6.38 3.779894178412935
181 0.0 0.0
182 13.29 8.053316087178
183 13.613 7.993824553991662
184 13.378 8.11474682291444
185 6.363 3.6670466318278527
186 17.62 8.991640562211103
187 14.008 8.631450399556265
188 6.698 3.94040556288309
189 3.897 1.8287676178235437
190 14.156 8.1806884795841
191 16.884 8.627197922848413
192 16.816 8.514701638930163
193 13.707 8.211038363081737
194 13.777 7.897295169866705
195 17.79 8.872874393340638
196 3.99 2.0014744564945115
197 6.442 3.7390688680472306
198 6.611 3.6983346252063236
199 13.152 8.093138822484141
200 13.895 8.371019949803012
201 13.384 8.240421348450576
202 6.636 3.7856972937624054
203 13.39 8.267278875180152
204 0.0 0.0
205 6.656 3.831926930409817
206 0.0 0.0
207 14.254 8.327993996155378
208 14.017 8.303776911743233
209 6.711 4.1055424732914405
210 13.589 9.083726052672437
211 13.236 7.948603902573081
212 0.0 0.0
213 0.0 0.0
214 6.353 3.8691589525373598
215 13.824 7.915113644162035
216 17.904 8.659029044875643
217 13.338 8.221907078044607
218 13.552 8.17650879043128
219 17.725 8.636861409099952
220 0.0 0.0
221 3.918 1.888723378369633
222 3.996 1.9250932444949258
223 17.102 8.684445635732887
224 4.086 2.1983184482690397
225 0.0 0.0
226 0.0 0.0
227 0.0 0.0
228 0.0 0.0
229 0.0 0.0
230 0.0 0.0
231 3.966 1.8790540173182886
232 6.427 3.975508898241834
233 6.6 4.089498746790369
234 0.0 0.0
235 4.002 1.917288710653667
236 0.0 0.0
237 4.074 2.0120944311835864
238 0.0 0.0
239 7.201 3.2277854637506502
240 6.581 3.802556902927292
241 0.0 0.0
242 6.761 3.9769182792710236
243 4.002 2.0966630630599665
244 0.0 0.0
245 0.0 0.0
246 3.948 2.1173795125106882
247 7.32 3.491933561796387
248 13.601 8.169565410718002
249 14.018 8.16919065758659
250 13.804 7.719558536600393
251 17.222 8.843003788306325
252 3.933 1.8597072350238357
253 7.259 3.3534935515071442
254 7.323 3.500381550631302
255 16.622 8.506533724144047
256 16.354 8.32374218726169
257 7.305 3.453690055578236
258 7.255 3.141333315647991
259 3.987 2.0407917581174226
260 17.349 8.805066666414286
261 14.052 8.46766177879112
262 13.603 7.683188856197666
263 13.445 8.450619799754335
264 7.142 3.0610187846532404
265 3.918 1.921789790793988
266 0.0 0.0
267 0.0 0.0
268 4.002 2.0268191828577113
269 6.634 3.963085161840457
270 0.0 0.0
271 6.491 3.841083050390866
272 7.297 3.3762095610314233
273 0.0 0.0
274 3.984 1.9773072598865358
275 0.0 0.0
276 3.999 1.9258761642431736
277 0.0 0.0
278 6.454 3.681016707378547
279 6.532 3.9548673808359243
280 3.897 1.9617316330222132
281 0.0 0.0
282 0.0 0.0
283 0.0 0.0
284 0.0 0.0
285 0.0 0.0
286 0.0 0.0
287 3.936 2.040564627743998
288 17.17 9.237050395012469
289 4.122 2.163588685494542
290 3.981 1.9901354225278238
291 0.0 0.0
292 18.294 8.803610850100089
293 13.531 8.061950074268632
294 13.182 7.912829835147474
295 18.139 8.723283728046452
296 13.808 8.370850374961913
297 6.518 3.708325228455563
298 0.0 0.0
299 0.0 0.0
300 14.157 8.510719769796207
301 13.108 7.630749373423295
302 6.443 4.014567349042734
303 14.002 8.71469999483631
304 14.596 9.042498769698561
305 0.0 0.0
306 6.523 3.7367728055101237
307 0.0 0.0
308 13.583 8.089691650489529
309 6.745 3.9420774979698203
310 13.594 8.32689401878035
311 13.868 8.406579328121516
312 13.298 7.923458588268129
313 6.592 3.7522707791416123
314 6.551 3.6820373436454985
315 3.909 1.9096384474554338
316 17.937 9.39175335067952
317 14.424 8.423433029353292
318 13.892 7.444752245709726
319 17.273 9.068653207615782
320 16.766 8.649118105333052
321 13.829 8.33905024568146
322 3.984 1.9590160795664744
323 6.376 3.5556467766075976
324 13.41 7.820990985802246
325 17.968 9.127703763817053
326 6.613 3.8344792345245526
327 12.969 7.539631224403485
328 13.571 7.856141482941865
329 13.198 7.55571280555316
330 0.0 0.0
331 6.551 3.9823860937884965
332 6.517 3.755757047520513
333 13.194 7.697815534292829
334 0.0 0.0
335 14.148 8.501534920236463
336 3.966 1.949575338375001
337 0.0 0.0
338 0.0 0.0
339 0.0 0.0
340 0.0 0.0
341 0.0 0.0
342 0.0 0.0
343 3.909 1.8079598999977846
344 6.707 3.871840776684909
345 6.443 3.7744868525403557
346 0.0 0.0
347 4.11 2.014919353224838
348 0.0 0.0
349 3.993 2.059842469704904
350 0.0 0.0
351 7.352 3.454286612312302
352 13.764 8.008389600912283
353 6.634 3.9145937209370785
354 0.0 0.0
355 0.0 0.0
356 12.983 7.472530428174917
357 13.069 7.9783606712156105
358 6.528 3.844634703063478
359 13.836 8.236206893953065
360 17.853 8.904459051508969
361 13.441 7.945849167961849
362 0.0 0.0
363 3.915 1.789909215574913
364 13.739 8.091284137885653
365 17.919 9.226615793453199
366 3.978 1.9249716881034902
367 16.763 8.21807952017988
368 6.499 3.933954626072853
369 0.0 0.0
370 0.0 0.0
371 0.0 0.0
372 6.555 3.8926822372240966
373 4.101 2.1262170632369592
374 3.954 1.918302374496784
375 7.262 3.4286084640856846
376 13.759 8.074956284711392
377 13.552 7.841000956510591
378 3.924 1.8569394174285814
379 7.144 3.1092224108287914
380 14.168 8.591494398531609
381 17.024 8.693987807674912
382 7.552 3.6749552378226316
383 16.66 8.482476053606046
384 17.262 8.570493334692
385 4.026 1.9419897013115182
386 13.966 8.265763364626403
387 6.592 4.0089320273609035
388 13.895 8.124159956573973
389 6.622 3.659114100434694
390 17.992 9.05714833708712
391 13.544 8.189509387014585
392 4.062 2.0273519674688947
393 0.0 0.0
394 0.0 0.0
395 0.0 0.0
396 0.0 0.0
397 0.0 0.0
398 0.0 0.0
399 3.987 2.049592886404517
400 13.833 8.118196289817092
401 0.0 0.0
402 13.358 8.252626006308539
403 6.474 3.805433483849113
404 6.663 4.049868022540982
405 0.0 0.0
406 13.7 8.509406559801922
407 13.878 8.419092350128961
408 6.555 3.9439795891966782
409 0.0 0.0
410 6.649 3.8248920246197797
411 3.96 1.8773385416594417
412 0.0 0.0
413 0.0 0.0
414 4.014 1.9894230319366466
415 7.296 3.2515202598169366
416 13.524 7.70450673307513
417 0.0 0.0
418 6.72 4.081617326501836
419 0.0 0.0
420 13.335 8.224644369211353
421 6.577 3.93853665718627
422 13.533 7.888150036605541
423 14.276 8.456466401517835
424 6.663 4.1298221511343565
425 0.0 0.0
426 0.0 0.0
427 0.0 0.0
428 6.643 3.7381213195935734
429 3.93 1.8393205267163197
430 3.915 1.8734393504995033
431 7.331 3.273444516102266
432 18.144 9.166420457299568
433 0.0 0.0
434 14.099 8.282946275329811
435 3.969 2.0361824574433403
436 13.274 7.942979541708515
437 3.87 1.829508130618719
438 17.487 8.25359503489237
439 16.427 8.445038247397108
440 13.656 8.507506332645308
441 4.038 2.0573176711436667
442 13.398 7.717745525734831
443 7.126 3.1413570316027433
444 13.565 7.764906631763192
445 7.452 3.596900888264785
446 16.814 8.090698610132502
447 17.504 8.856409204638187
448 17.513 8.082810835346823
449 13.226 8.07000148698871
450 13.338 8.196081746786081
451 13.403 8.074688291197376
452 13.195 8.179912896846764
453 13.21 7.973324275357174
454 13.563 8.032187186563819
455 18.192 8.86764545975988
456 13.45 8.127576514558323
457 17.666 9.502128393154873
458 6.417 3.698528220792698
459 13.806 8.055703817792708
460 6.385 3.6648021774715205
461 13.466 7.451499446420163
462 4.092 1.9933730207866265
463 17.26 9.026981776873154
464 13.567 8.209964129032477
465 6.476 3.760242545368583
466 17.932 9.283715635455449
467 14.2 8.733384223770303
468 6.777 3.963492273235814
469 4.056 2.1130224797668387
470 14.163 8.47929425129238
471 17.324 8.806873679121326
472 13.151 8.055072873661665
473 13.803 8.183531694812455
474 13.764 7.931223360869368
475 16.86 8.539929742099755
476 3.939 1.9280246367720513
477 7.169 3.3169924630604757
478 7.419 3.477274651217531
479 17.004 8.90314461300051
480 13.404 8.575592341057265
481 6.587 3.9113208766348997
482 6.463 3.932763786448405
483 3.915 1.834604862088837
484 17.785 8.417765439830218
485 13.509 8.139159600351869
486 14.31 8.955886332463136
487 17.616 9.019897116929881
488 13.558 8.053113435187662
489 13.761 7.7260519672080905
490 4.095 2.1080737653127795
491 7.243 3.320835888748494
492 13.859 8.483107862098654
493 16.78 8.86620550179162
494 7.284 3.235945611409438
495 16.916 9.249699670800128
496 13.444 8.283771121898528
497 3.855 1.7742533640943166
498 13.595 7.760732890648924
499 7.254 3.182370814345808
500 13.943 8.283341777326347
501 7.16 3.37585544714225
502 16.992 8.681355654504658
503 16.736 8.666043157058475
504 17.878 8.523210428001882
505 17.178 8.809785241423311
506 17.291 9.010123140113015
507 16.691 8.365495741436966
508 17.161 8.882853088957399
509 16.205 8.21991332071087
510 16.907 8.147168281065515
511 17.319 7.989320309012525
